0.32980977731084626381	0.19106354722938692636	0.19899473605684275812	0.28013193940292402395	0.33369930799992375547	0.21695968459823433694	0.16328782384759663038	0.28605318355424524945	0.31068922383429364853	0.21010742907821536307	0.21272197019360275516	0.26648137689388812221	0.20530093433105664480	0.22284766108337181190	0.23219575083650345615	0.33965565374906825369	
0.32532941769418738387	0.19379559996053083437	0.20230565782931128616	0.27856932451597049560	0.33199799457266632174	0.21910778504555172841	0.16356629046829729290	0.28532792991348465694	0.30683148153760780863	0.21486001643491181579	0.21240916320819477892	0.26589933881928567994	0.20624126262890943306	0.22631945221493093845	0.23549059350149686987	0.33194869165466273087	
0.32624727478003578973	0.19346689344389936260	0.20218321751148482512	0.27810261426457993927	0.33232432038222586845	0.21982520735437890980	0.16222145789313233144	0.28562901437026289031	0.30630719359346847419	0.21750911446614781819	0.21029276667136467815	0.26589092526901891844	0.20812581244041708506	0.22806345234247787923	0.23527510670627646561	0.32853562851082868113	
0.33237944878026493001	0.19013601942958135993	0.19936090219641852683	0.27812362959373504445	0.33406106366594723323	0.21954712429696168763	0.16023367104007432693	0.28615814099701669670	0.30912754720124030472	0.21673094653023569633	0.20689576899800216081	0.26724573727052192140	0.21116250193264912705	0.22790925118685628759	0.23126780584097503257	0.32966044103951952504	
0.34093157444571081660	0.18479288066030169491	0.19429990181400685900	0.27997564307998062949	0.33545339150960989949	0.21821987759577282651	0.15713511586523074004	0.28919161502938639519	0.31382654194368742040	0.21362419334061402698	0.20295472998311828161	0.26959453473258032652	0.21400846465060746615	0.22469779140656806482	0.22486854322274921203	0.33642520072007525700	
0.34962420669685706498	0.17882765491058608132	0.18828034125063289328	0.28326779714192407145	0.33571558083785302262	0.21671528254165076111	0.15393153559041339307	0.29363760103008279545	0.31822452284859481519	0.20919711142437732998	0.19975609509237260419	0.27282227063465525063	0.21712738385618063353	0.21923795716247038157	0.21744773662444535911	0.34618692235690373682	
0.35563344655717393783	0.17443092735866447263	0.18407185549445781447	0.28586377058970374732	0.33598268749022452972	0.21501511511331847237	0.15120959367395969686	0.29779260372249727329	0.32016244700705004389	0.20539692833641642888	0.19970880420710115932	0.27473182044943234015	0.21918684039623875792	0.21392258177392095564	0.21238921032065352645	0.35450136750918670447	
0.35589549676201059913	0.17456290515211533854	0.18345620913465610080	0.28608538895121787826	0.33602604315394701828	0.21385386381385604326	0.15026691895303367907	0.29985317407916317611	0.31953802980553264179	0.20370146004278683050	0.20225294020441930698	0.27450756994726122073	0.21933029717692187344	0.21217180205841371099	0.21145708141293023674	0.35704081935173426210	
0.35098683918116874159	0.17915238374394537590	0.18718860938813006167	0.28267216768675584859	0.33510150575034652887	0.21298130569466830475	0.15217977435058299696	0.29973741420440225269	0.31676871037460113678	0.20516332457085434404	0.20636777185771781884	0.27170019319682686687	0.21696288987045647678	0.21471436871730481544	0.21540079282551793938	0.35292194858672082391	
0.34171175421826438523	0.18663336107503264438	0.19407171355635946530	0.27758317115034347733	0.33342490261225649073	0.21306766449432429367	0.15617470031005220577	0.29733273258336712086	0.31291800837707145488	0.20944550795720001668	0.21045192708268958826	0.26718455658303891243	0.21354691806961353939	0.22006111438092984534	0.22195435277109218375	0.34443761477836454254	
0.33196823782997209040	0.19366297071799046248	0.20212608884733562764	0.27224270260470173621	0.33205349601412409433	0.21447922055789722662	0.16047720060022757638	0.29299008282775096390	0.30835385132292014720	0.21426239638106120422	0.21443781061833783186	0.26294594167768081672	0.21089184305085265092	0.22543569378557481997	0.22972672524287379714	0.33394573792069859319	
0.32401241356833565543	0.19822070583679443634	0.20883910526578472466	0.26892777532908523908	0.33120352554586729443	0.21686228865737589011	0.16339027467904437829	0.28854391111771243716	0.30518497094673402437	0.21823472174128039081	0.21664228784125144633	0.25993801947073419401	0.20988653959059441756	0.22914106742611695111	0.23602309812885394202	0.32494929485443485584	
0.32113144576917729278	0.19880106271097172654	0.21184831430252490381	0.26821917721732613238	0.33075145046038650909	0.21858971921089237478	0.16390356766610206241	0.28675526266261919250	0.30438693013780021568	0.21951780391184072538	0.21583240379836898803	0.26026286215199007090	0.21134688376982790903	0.23020446574888195346	0.23855890435155602258	0.31988974612973419820	
0.32393047964343224532	0.19612305361086510014	0.21012458177904183576	0.26982188496666070776	0.33220080376612970419	0.21855508372213508506	0.16195932789447486932	0.28728478461726031368	0.30767346800047584710	0.21801855296966474174	0.21142581427903561764	0.26288216475082382129	0.21552013436190781137	0.22824763425370372949	0.23570691242137731258	0.32052531896301111880	
0.33110783727086956496	0.19114215894577113453	0.20560287890824022194	0.27214712487511910632	0.33566880963388456838	0.21678032796181934128	0.15848951203021521827	0.28906135037408087207	0.31387745895522639605	0.21359405737995526553	0.20557081797805315526	0.26695766568676509989	0.22137390786020755273	0.22450349068383804174	0.22968649594535150982	0.32443610551060292346	
0.33854634131515665141	0.18626809422124063209	0.20102065903318347417	0.27416490543041915906	0.33944041504434518952	0.21496528213997243006	0.15500849462781379762	0.29058580818786861055	0.32060738712387160110	0.20848170856332431944	0.20152431232684756002	0.26938659198595654720	0.22742801077636765061	0.21992630205382529551	0.22404161141052175710	0.32860407575928524126	
0.34257097623427740229	0.18271773693056236887	0.19993609054347991072	0.27477519629168034587	0.34126821840588622559	0.21387918484815474085	0.15373826416250180316	0.29111433258345725816	0.32465036033651900604	0.20355594923595654588	0.20266857837995017055	0.26912511204757422201	0.23142545560462890464	0.21608731391409938261	0.22228518111158329651	0.33020204936968844400	
0.34311984012434265656	0.18092978404011014759	0.20181924950358809401	0.27413112633195912959	0.33998835580763570041	0.21320057759054841795	0.15572900813749107618	0.29108205846432472219	0.32600080668485131863	0.19994619738118055152	0.20796998253364257225	0.26608301340032552984	0.23313285671954669942	0.21286048109375094173	0.22478107664975524593	0.32922558553694714067	
0.34127385274949401106	0.18012995630032366257	0.20563458731644207456	0.27296160363374016855	0.33871714781401202066	0.21009314752093619094	0.15944196967886392624	0.29174773498618794543	0.32729683390232183759	0.19642336099087293055	0.21297946909188311682	0.26330033601492203177	0.23283602221057880799	0.20975865868304788275	0.22935043615943948025	0.32805488294693374574	
0.33940891399243278137	0.17946937882439775724	0.20849752547789440760	0.27262418170527508154	0.33963054571462752973	0.20452676998448521273	0.16275692596479035545	0.29308575833609701311	0.32966208144703584848	0.19418516220876677614	0.21388366222842017383	0.26226909411577725706	0.23199006394817550669	0.20674379201275788764	0.23436207496406555317	0.32690406907500113576	
0.33544673989191065022	0.18035375312708207263	0.21134663669391562379	0.27285287028709154233	0.34267407019066625784	0.19914699825742190886	0.16483939856427615167	0.29333953298763570938	0.32892643076885297315	0.19560844773031202393	0.21190016746846448981	0.26356495403237051312	0.23075520318579120782	0.20583414890488427318	0.23871124428095519265	0.32469940362836935410	
0.32849532694737287875	0.18348875766249303498	0.21470453128682859267	0.27331138410330552135	0.34439781418642428923	0.19823704176060608084	0.16607924770090168320	0.29128589635206802999	0.32249128419247935495	0.20265831089455554892	0.20993943984225107990	0.26491096507071398847	0.22896665996885215422	0.20821924420895493446	0.24302314004406078141	0.31979095577813221318	
0.31979876978774784968	0.18904231427280931976	0.21717974264885553382	0.27397917329058735225	0.34279478689809245173	0.20185217594006379938	0.16695303206040668087	0.28840000510143715129	0.31281071079544431335	0.21223039061868148591	0.20900717662563689236	0.26595172196023725286	0.22703390648704688259	0.21305882729654868069	0.24599571893425520308	0.31391154728214903935	
0.31310694958941909238	0.19317955514089779623	0.21741032241701130356	0.27630317285267180782	0.33913532477143509825	0.20716985150312594577	0.16608295821915913804	0.28761186550627987346	0.30571415385642619622	0.21893024373223951562	0.20811684719815606859	0.26723875521317813631	0.22599559177825379042	0.21755956312359159277	0.24526917035625922514	0.31117567474189539167	
0.31242193357604741699	0.19294692604294105820	0.21454646742574479124	0.28008467295526673357	0.33551269774300013227	0.21141966140470827562	0.16346021846005232003	0.28960742239223924432	0.30417180371852720056	0.21988455210248175620	0.20635313437804661540	0.26959050980094451111	0.22657385887952399828	0.21966283808908546038	0.23967027501741428042	0.31409302801397637195	
0.31848309734845464680	0.18696696468359802479	0.21029888477052954832	0.28425105319741789112	0.33316684555778153243	0.21290207005905487092	0.15978331283036378840	0.29414777155279986376	0.30777071775735181935	0.21601439299165747787	0.20448465454078626480	0.27173023471020446573	0.22905533590676291356	0.21742958586860619552	0.23134341073964367896	0.32217166748498715645	
0.32862471097100864892	0.17875587419969915515	0.20579233896070253662	0.28682707586858968707	0.33352514075395672810	0.21211948325089099998	0.15593082442025232859	0.29842455157489983231	0.31477008182867027841	0.20975456873320896811	0.20464558017060985318	0.27082976926751095581	0.23309214698991675974	0.21146125768954399105	0.22407696081219680151	0.33136963450834239220	
0.33748726162377928883	0.17297300020821979039	0.20414597602062559134	0.28539376214737532944	0.33491203062086172260	0.21044571082680563201	0.15457159288942387554	0.30007066566290885312	0.32060371863213116272	0.20459471877901203030	0.20871610445495519803	0.26608545813390160895	0.23656599909741660159	0.20539855771531506656	0.22162399715722511107	0.33641144603004308200	
0.33938046661606180443	0.17334320824408178119	0.20737139557010828006	0.27990492956974816208	0.33719863318781484463	0.20957680022530966735	0.15708726726219912617	0.29613729932467630634	0.32180186765924795322	0.20366127325663474501	0.21676438029131683827	0.25777247879280051901	0.23677863271862042982	0.20347742533926352348	0.22479742260729260184	0.33494651933482350037	
0.33341641434160446122	0.17921710583593927768	0.21457906298865128680	0.27278741683380497429	0.33737455867503829410	0.21029676827824797525	0.16414273492910261276	0.28818593811761117340	0.31813091619028688317	0.20750704157174276743	0.22505097624141962021	0.24931106599655064593	0.23300300482593255813	0.20706563287249218908	0.23253492351352170187	0.32739643878805357868	
0.32320508953567667065	0.18779748574262683514	0.22242198759659037588	0.26657543712510617384	0.33580329633919769883	0.21155083019517920140	0.17102654556174842759	0.28161932790387456116	0.31166160526761582661	0.21393577920061068731	0.23009250393357386089	0.24431011159819962519	0.22708390618997195687	0.21372647387481208403	0.24232554930857422293	0.31686407062664179168	
0.31320220945614951624	0.19521841571687489902	0.22756252635680357388	0.26401684847017214963	0.33153843049641174012	0.21391582085048901907	0.17452677344703926288	0.28001897520605995018	0.30455064275876142510	0.22038638856297504409	0.22995906238840993496	0.24510390628985359585	0.22211237621963519917	0.22055176941862228435	0.24966814394921860165	0.30766771041252394259	
0.30797034513848203785	0.19972676582149012647	0.22705417090511506584	0.26524871813491268657	0.32625495711740049032	0.21638575921396396851	0.17267136589106429900	0.28468791777757135320	0.29831520684997137050	0.22421507872321957966	0.22623427360842721101	0.25123544081838183883	0.21889557446632199045	0.22549824413037777848	0.25111890537342745899	0.30448727602987268881	
0.30865787446208431399	0.19934167687089604515	0.22079154385388768955	0.27120890481313186804	0.32116227664803248532	0.21863700250293002791	0.16710722515927883824	0.29309349568975856526	0.29538056758026431936	0.22457917022678619556	0.21928849106633330202	0.26075177112661623857	0.21839932596816283294	0.22782831893731353423	0.24490168684804217158	0.30887066824648140573	
0.31538139825549915685	0.19427233046411071515	0.21119328980004511975	0.27915298148034495274	0.31798167244428904299	0.21979552764292362155	0.15996004474163255660	0.30226275517115480662	0.29583620828212536802	0.22141673147139470657	0.21258083003086275520	0.27016623021561708695	0.21957955940853821075	0.22687679620381059897	0.23480655053592125459	0.31873709385172993569	
0.32584680523006170905	0.18565572933719470816	0.20297767066787264501	0.28551979476487077125	0.31768789714955991688	0.21834649010400911107	0.15478464980824149788	0.30918096293818947418	0.29929793164867346533	0.21558052662308416214	0.20763682052347984253	0.27748472120476247449	0.22350233519459680731	0.22275778212378638532	0.22538434690449438147	0.32835553577712250917	
0.33536288984657419698	0.17806550916538441132	0.19774908656616793645	0.28882251442187351076	0.32040415431801666513	0.21439797672600968692	0.15224202547610249381	0.31295584347987109863	0.30533037491811237940	0.20828574220911513781	0.20690718039263750194	0.27947670248013500860	0.22969830773966185000	0.21614144587027850353	0.21917408354662037961	0.33498616284343935012	
0.34091876123699399459	0.17420531277169257200	0.19641020135670783642	0.28846572463460562474	0.32510832529998900942	0.20876672924581618496	0.15245238284663148454	0.31367256260756332109	0.31201532888846861269	0.20167251437617575438	0.20876082520824951194	0.27755133152710614874	0.23744780810632679091	0.20891536259854151525	0.21753258711879699949	0.33610424217633477761	
0.33995345857932390832	0.17562454257221152276	0.19758596962807636888	0.28683602922038803351	0.32991384238276322272	0.20439893166115902234	0.15372131997401183856	0.31196590598206591638	0.31621888891047228443	0.19816858936329048713	0.21189356554083785267	0.27371895618539937578	0.24480212243451010545	0.20287306274961619534	0.21996037588589628653	0.33236443892997735716	
0.33132077303666945811	0.18239219306221768346	0.20029804743726140059	0.28598898646385145783	0.33246765611853223987	0.20400673547604372682	0.15510006019227629004	0.30842554821314777103	0.31418349908773107737	0.19911567893633358439	0.21435428738179004848	0.27234653459414520649	0.24911211428658500133	0.20040313001214168920	0.22634384558926912145	0.32414091011200413250	
0.31558650827046702547	0.19279994681861520323	0.20331481140805329755	0.28829873350286433498	0.33196531691474800985	0.20844368010985211970	0.15569432356179602195	0.30389667941360387626	0.30407572607393801301	0.20492329545552875891	0.21601839676893594411	0.27498258170159728397	0.25017593890320560801	0.20159563163908389427	0.23505694782933442277	0.31317148162837615821	
0.29531665406419416176	0.20418103476219634507	0.20618745053062986772	0.29431486064297945893	0.32775326729231535339	0.21628227301803365501	0.15614072271497653199	0.29982373697467445961	0.28762068656339279116	0.21401597742701072846	0.21709656691133416562	0.28126676909826237027	0.24768783947872707873	0.20546028463796933705	0.24519420210104225788	0.30165767378226132633	
0.27702942255920731673	0.21296026903365011806	0.20910987289559110347	0.30090043551155148949	0.32237339532055420133	0.22351948251117892408	0.15744024119833030517	0.29666688096993659718	0.26927375810340248297	0.22407490478621888697	0.21798275641625114440	0.28866858069412748566	0.24291352504633820231	0.21019047890278838575	0.25490662356802634703	0.29198937248284717594	
0.26660855812721567792	0.21690423678741696523	0.21118434456623608186	0.30530286051913119172	0.31762510792335918453	0.22693330990485302556	0.16000984512977775576	0.29543173704201008967	0.25540671868751035900	0.23233159963275548665	0.21778725040591126461	0.29447443127382283423	0.23668336125524444546	0.21485180575276041637	0.26170530272582270825	0.28675953026617256869	
0.26778068036002528052	0.21532799836089475121	0.21156830064973186634	0.30532302062934812970	0.31592670013149343200	0.22653550045201345520	0.16194278830669880942	0.29559501110979435889	0.24931656289311276975	0.23688540589089229771	0.21672989352692678677	0.29706813768906809026	0.23081132491689754227	0.21878341661546682473	0.26353600245285213610	0.28686925601478346914	
0.27996193286704146308	0.20915119641647364479	0.20999239666515553959	0.30089447405132929703	0.31661909085656658736	0.22517066461613907680	0.16242805890851366724	0.29578218561878066861	0.25284728050507959685	0.23761846368672298602	0.21511594627039429262	0.29441830953780318003	0.22736024608212229703	0.22092923152314633550	0.25920478352161757662	0.29250573887311376309	
0.29978310644579297950	0.19919737575856977241	0.20683969165163193504	0.29417982614400522978	0.32133310821240818056	0.22390667783039863714	0.16052454224581411135	0.29423567171137904319	0.26365914550405633587	0.23409335867058517211	0.21445525261117498461	0.28779224321418345189	0.22872990335822648844	0.21985796476725708026	0.25022230706833575864	0.30118982480618061714	
0.32102426005980128076	0.18792866993233658945	0.20363753703317391541	0.28740953297468824212	0.32881792488806727004	0.22117796344317713908	0.15848182762634244192	0.29152228404241314896	0.27977438833267270768	0.22685730775162815664	0.21479278851974267783	0.27857551539595643009	0.23334412038587978855	0.21553195536747241090	0.23931710955883561676	0.31180681468781212828	
0.33661569146594577662	0.17907792396576027727	0.20192695949627709195	0.28237942507201690967	0.33648466589334974364	0.21639661231611939662	0.15853167500309348070	0.28858704678743735128	0.29400985789252026548	0.21827999469630682272	0.21610839312829668857	0.27160175428287613997	0.23744522645452603715	0.21030657930866156202	0.23143491434542512453	0.32081327989138724854	
0.34172354358949724729	0.17655998997013302998	0.20326954915982287098	0.27844691728054687951	0.34060475905809856068	0.20966409642096583976	0.16258410354178517987	0.28714704097915033643	0.30403654318061512640	0.21157125367064727461	0.21702967977450449144	0.26736252337423316305	0.23730223697900729163	0.20714756009394699743	0.23126176250076505014	0.32428844042628068856	
0.33732855172006281919	0.17922936532831812428	0.20822695536383861725	0.27521512758778049479	0.34076020142983037831	0.20263182553416844711	0.17066770219577326317	0.28594027084022799468	0.30784732658413238582	0.20914973490540952894	0.21745232247667414804	0.26555061603378393720	0.23425558073795246794	0.20632489839801604337	0.24009534535066509586	0.31932417551336639283	
0.32726652913301634840	0.18519460841508425530	0.21526489059861911302	0.27227397185328022777	0.34071068516844327245	0.19646145920877292057	0.17842862653407068341	0.28439922908871312357	0.30930504369835765122	0.20937908800010038290	0.21624734099382508790	0.26506852730771679472	0.23139844020915067979	0.20632515199170078923	0.25350850949541381407	0.30876789830373474466	
0.31658644588218531890	0.19102629260391917887	0.22079491557912842015	0.27159234593476705433	0.34058308165775208476	0.19310538980661484665	0.18184098801170975324	0.28447054052392328760	0.30936014304187486879	0.21165503919283512602	0.21291320104088506948	0.26607161672440493572	0.23035835449065747427	0.20733647177255196126	0.26301687404545304183	0.29928829969133746713	
0.30737861447614206467	0.19732739906556376330	0.22230289579958739665	0.27299109065870680313	0.33870923282518655695	0.19431920082903866853	0.17883613575857387756	0.28813543058720081369	0.30714447911085440701	0.21582047211962382405	0.20778068234548172089	0.26925436642404010357	0.22992682172382089556	0.21136181284915714351	0.26302903078103767598	0.29568233464598425719	
0.29846895464176809165	0.20309911627848981075	0.22343715678215256282	0.27499477229758967356	0.33255521435124579810	0.20009135108875422682	0.17296113716897404400	0.29439229739102584782	0.30055249508002612746	0.22330117309345487442	0.20404873772215620376	0.27209759410436279436	0.22881049114020207691	0.21871920423079885265	0.25592375593637101128	0.29654654869262814243	
0.28997600223048591861	0.20799831124543571859	0.22798015493369719331	0.27404553159038119725	0.32422669727249603389	0.20847401109439236966	0.16757088967066499641	0.29972840196244643352	0.29100195311621906979	0.23192420162119564697	0.20370324579527665509	0.27337059946730857263	0.22728653691464945075	0.22702431592129335147	0.24799928827488243455	0.29768985888917481875	
0.28352136677685346733	0.21041810908242586375	0.23524155238728880479	0.27081897175343189188	0.31674619208368109957	0.21548116117188514940	0.16426234475904222254	0.30351030198539152849	0.28189194246890564299	0.23849886931861616346	0.20792900362892485777	0.27168018458355330802	0.22708993292728726909	0.23179955650239278397	0.24358224022811522658	0.29752827034220469260	
0.28184623683254678150	0.20971027552218496348	0.24034203897822592477	0.26810144866704233024	0.31273369979609788594	0.21870608962495710625	0.16201835275727821672	0.30654185782166681884	0.27719380421357625588	0.24009392636381540753	0.21418130772780322180	0.26853096169480500377	0.22813379628065028060	0.23109799133173758445	0.24232331276714855206	0.29844489962046349962	
0.28462929382662754962	0.20782734315733758512	0.24036436302952404742	0.26717899998651079008	0.31270882982316777765	0.21801420284512262882	0.16134020988323152790	0.30793675744847809339	0.27760435602024230439	0.23765691936740113155	0.22088097609929946419	0.26385774851305709987	0.22856507148439297872	0.22671741828713282141	0.24328488024640282372	0.30143262998207143166	
0.28920111498225720137	0.20627658159659753578	0.23769699357478482615	0.26682530984636032567	0.31546041773529098773	0.21549724093945832326	0.16280285745542202869	0.30623948386982874359	0.28156925733676796408	0.23409415141750078426	0.22622210026401395888	0.25811449098171729277	0.22699279676407421724	0.22212115199781823360	0.24657674005444055187	0.30430931118366694177	
0.29173200562039863781	0.20667129023091329598	0.23523813683735508850	0.26635856731133306097	0.31901002290749347345	0.21351104169317258741	0.16612440117970714293	0.30135453421962676845	0.28618599329890770377	0.23165050486120433715	0.22957429956364394652	0.25258920227624409582	0.22370879088422759851	0.22094847174555543035	0.25171230853747145195	0.30363042883274560246	
0.29125034346348571690	0.20841099143765731694	0.23404548971831951043	0.26629317538053731695	0.32128503471329389329	0.21399395731550524546	0.16996303677037796764	0.29475797120082281033	0.28830121416318110761	0.23159930204168147072	0.23078039392126270535	0.24931908987387466081	0.21998624943016664712	0.22304408583815588107	0.25720077969608556856	0.29976888503559190324	
0.28852605613255988271	0.21070423993947456909	0.23380003107108079941	0.26696967285688488758	0.32201924683049087950	0.21733333653021574827	0.17175282664345728478	0.28889458999583605969	0.28768951617775873064	0.23349031391882474340	0.22833083852048874363	0.25048933138292783784	0.21661759711750633306	0.22785097771480389284	0.26130399972922518925	0.29422742543846458485	
0.28776468814003669516	0.21179367305119736753	0.23250563187862921533	0.26793600693013680525	0.32185181210583485578	0.22140110803140758411	0.17136934711178911095	0.28537773275096839365	0.28596441355213320090	0.23591497806478789467	0.22392584939401188882	0.25419475898906707112	0.21477628369774018346	0.23282695996963029272	0.26227986089862331820	0.29011689543400620561	
0.29098183107347669329	0.20963004806657653534	0.23061209052806000419	0.26877603033188685044	0.32102367071074910942	0.22535667837710618433	0.16899520885706428852	0.28462444205508036221	0.28497409245906646369	0.23742241451785775497	0.21833383346291118654	0.25926965956016467807	0.21541660373840965104	0.23582993605640140133	0.26008658249009469765	0.28866687771509430549	
0.29689066017289911237	0.20527991041444745846	0.22946800960353058718	0.26836141980912286975	0.32067518236622344352	0.22757664816741265956	0.16591763243313853438	0.28583053703322525152	0.28536134408492858094	0.23749635391576442989	0.21425943163791008605	0.26288287036139684760	0.21854481853202256669	0.23572988715423895401	0.25573959076750202302	0.28998570354623648404	
0.30348976157848639446	0.20038771633518351334	0.23077539618119416454	0.26534712590513598318	0.32061655289473173225	0.22838661160830067698	0.16384552961659412662	0.28715130588037357517	0.28686584842461626543	0.23647403052543158886	0.21284139706957772020	0.26381872398037431449	0.22356728846719789439	0.23260404707142434688	0.25250482170125532200	0.29132384276012240898	
0.30663646446302933457	0.19832959907096656127	0.23432330642046217406	0.26071063004554190234	0.32020262457626080810	0.22705859662536589938	0.16270957613716452439	0.29002920266120874038	0.28853802391360244828	0.23520120853689893692	0.21468002699922858478	0.26158074055026997451	0.22954334004097318167	0.22830964950561458138	0.25202592947280372249	0.29012108098060840344	
0.30539811604219213592	0.19898701333223065002	0.23907957201393276181	0.25653529861164436898	0.31827972375088953161	0.22431232129787445628	0.16347414026708134704	0.29393381468415469282	0.28952213932845177746	0.23439247191866083297	0.21850619231170048673	0.25757919644118698610	0.23504424679878277438	0.22396699272867912067	0.25410464068887211875	0.28688411978366590294	
0.30152241351444880602	0.20131059114309282632	0.24214139492769176654	0.25502560041476673991	0.31679857787789844625	0.21937839306013096063	0.16515392195408976073	0.29866910710788080463	0.29153053693465108553	0.23308646863895698953	0.22037489678941385440	0.25500809763697807053	0.23865481745218333764	0.22108233970146051739	0.25667209514597183473	0.28359074770038422697	
0.29878986806417506816	0.20338736419497696617	0.24021232320446223030	0.25761044453638581864	0.31807495098705745873	0.21268836511982172621	0.16645708189203617389	0.30277960200108455791	0.29431995356582230094	0.23133034480371048036	0.21801591823991761654	0.25633378339054951889	0.23935318560713364500	0.22001941162603524949	0.25681953803927165536	0.28380786472755958894	
0.29779458402577069220	0.20496524711502811522	0.23228193060590165975	0.26495823825329961609	0.32225991052458563546	0.20735258010211934931	0.16616980582692408852	0.30421770354637084344	0.29641308064944571488	0.22988191071670494026	0.21069173731697068974	0.26301327131687873839	0.23682297821775000202	0.22158600520453050620	0.25257525001687253230	0.28901576656084687622	
0.29596430879236573785	0.20828569310386421676	0.22146767221499477629	0.27428232588877521358	0.32710864815042345333	0.20590736186949276654	0.16426585887557701438	0.30271813110450684903	0.29518497239209673388	0.23110017386635284264	0.20145633669818405198	0.27225851704336645476	0.23117412767951411867	0.22682648007501315934	0.24508765131911269819	0.29691174092636013482	
0.29359879302051633543	0.21218858796025416580	0.21199502924483923372	0.28221758977439032057	0.33062802224021986541	0.20763420528850692892	0.16252322576957339839	0.29921454670169989054	0.29136754016021704228	0.23430479909295129359	0.19387437481456362698	0.28045328593226803715	0.22502850140022639946	0.23281870078107344546	0.23788288653331909894	0.30426991128538105613	
0.29487440328682090751	0.21354206606527931234	0.20526784217303836733	0.28631568847486149609	0.33302700526017475768	0.20921360576334388504	0.16174974342919970494	0.29600964554728159683	0.28980133274164165957	0.23532901685483978427	0.19032775492481648905	0.28454189547870212262	0.22120914838329705510	0.23499853240647927688	0.23278395296794407443	0.31100836624227956584	
0.30234587235289883678	0.20770850723943745653	0.20123926247942724999	0.28870635792823651222	0.33410957953104591933	0.20900146792021545572	0.16175518563541260719	0.29513376691332593449	0.29320910546865458501	0.23129795496812596833	0.19123054323667032506	0.28426239632654914935	0.22127548283373058013	0.22963343398504337811	0.22909389405037830501	0.31999718913084773675	
0.31372117237482632923	0.19802897628159102372	0.19846630989126490263	0.28978354145231766115	0.33332109388719483034	0.20906432095020671680	0.16113188269289099863	0.29648270246970737096	0.29936618801473990903	0.22337921835903701284	0.19578284333302972686	0.28147175029319332351	0.22343314475440478883	0.21960036742702018775	0.22595378321454090420	0.33101270460403403595	
0.32282864835934438341	0.18976912997318107212	0.19785548185181695002	0.28954673981565753893	0.33011489416651779161	0.21134083265822678488	0.16060727556270532057	0.29793699761255015845	0.30370029639283241396	0.21761502591094922243	0.20414264050904754044	0.27454203718717085092	0.22608633462776314693	0.21001858999339531597	0.22509493786064621590	0.33880013751819532120	
0.32581536500390384514	0.18749975229280779754	0.20127719629807155899	0.28540768640521679833	0.32870471920192134707	0.21531848305238093788	0.16122423493811627315	0.29475256280758149741	0.30407969456336686465	0.21678255538214849518	0.21472459920917488785	0.26441315084530969681	0.22910565874247451612	0.20488956656877702067	0.22942187858127624511	0.33658289610747232912	
0.32178520334781812728	0.19172577402992840856	0.20853288144929313375	0.27795614117296041368	0.33256959095113414193	0.21855436736596564606	0.16411704353434333759	0.28475899814855698544	0.30235451365883153629	0.22085728428466350204	0.22412898894816621342	0.25265921310833872049	0.23345007504824533129	0.20343546378175197953	0.23833061300531610538	0.32478384816468669483	
0.31313926305030975739	0.20018837046557039216	0.21673639289745860737	0.26993597358666138186	0.34150060310035745825	0.21932159803729486813	0.16741923679313513995	0.27175856206921250591	0.30045512324655465619	0.22628965372121814803	0.22825377058162207855	0.24500145245060508947	0.23879173630737990375	0.20486811203606472565	0.24910708289620037137	0.30723306876035505475	
0.30218177334634421793	0.20985943722914440768	0.22189975778379592009	0.26605903164071542655	0.35084073680352517721	0.21854563063966978009	0.16918387417224034497	0.26142975838456472548	0.29796277633339496305	0.23058462800137793924	0.22809742907691993308	0.24335516658830719239	0.24538230518532955227	0.20558176280191842178	0.25912499435334507281	0.28991093765940700866	
0.29256946755830781637	0.21596986795941863768	0.22343746932115143844	0.26802319516112205200	0.35671072911755707935	0.21710983802830310929	0.16881988283175522469	0.25735955002238464218	0.29397761137781713847	0.23188624952262773538	0.22628838588454033842	0.24784775321501475998	0.25227370838117108010	0.20575456782023945901	0.26532852222404462728	0.27664320157454480587	
0.28634079611520979469	0.21723461762052817536	0.22151896488845557176	0.27490562137580643043	0.35867857612191311745	0.21610162864138529604	0.16547854290572325264	0.25974125233097838938	0.28915069545860427880	0.22936222109591428153	0.22478157168180054604	0.25670551176368078261	0.25869782467076335442	0.20472012265190933644	0.26584995218370804926	0.27073210049361923213	
0.28621256361670582846	0.21302103856204862575	0.21671939082450375480	0.28404700699674173547	0.35654111368431506968	0.21504711410444390940	0.16021884218113183196	0.26819293003010924448	0.28562436318494555110	0.22385592629932363207	0.22172990883514662186	0.26878980168058425049	0.26188686233485819477	0.20482472212043481563	0.25830368365268308040	0.27498473189202399247	
0.29207581149018491118	0.20554890710466836024	0.21032772022601198270	0.29204756117913477365	0.35180790610699547161	0.21415771401768812776	0.15400652536990577790	0.28002785450541056722	0.28606965816921287038	0.21708963364036917842	0.21561205666634472577	0.28122865152407322542	0.26067040870380181472	0.20569378794670142852	0.24518739048938512082	0.28844841286011163595	
0.30287308447191113592	0.19654570093435763667	0.20428945388611610690	0.29629176070761509276	0.34583535663139169936	0.21311350522906896687	0.14945450550762151565	0.29159663263191776261	0.29105514893742412408	0.21100484124480733961	0.20792272491965302361	0.29001728489811556821	0.25630009511031243141	0.20713954726415068075	0.23015729462586986820	0.30640306299966696413	
0.31645486290608326740	0.18779527661422215634	0.20051543918344752471	0.29523442129624705155	0.34127449901576006885	0.21196853420930009126	0.14760321613474239322	0.29915375064019750218	0.30017675066139998252	0.20622303742589459530	0.20266416486139732234	0.29093604705130821086	0.25212390460154282534	0.20710956253606147004	0.21845072688664318727	0.32231580597575260061	
0.32842006572518350760	0.18076694507723709004	0.20004963833838820819	0.29076335085919124968	0.33932402811432776923	0.21051324534828463886	0.14885021924731492438	0.30131250729007275080	0.31096251526345575211	0.20239991588418601576	0.20264674636054913481	0.28399082249180923609	0.24905541874223713350	0.20577179600045514274	0.21278555275978836003	0.33238723249751922495	
0.33550905639964562210	0.17730240199549468505	0.20298130585864890274	0.28420723574621065133	0.33894780172627986259	0.20952033723463228676	0.15267983609116836385	0.29885202494791940353	0.31990607985268215696	0.20051781947438329645	0.20774756462915747179	0.27182853604377699153	0.24626934524357338430	0.20412821239641737447	0.21392174195543417481	0.33568070040457514969	
0.33601134404651972210	0.17821771535248592810	0.20829945080863496165	0.27747148979235930488	0.33890987529990801441	0.20889907388711675962	0.15777048574992297292	0.29442056506305219754	0.32403439491847124687	0.20090699512136617200	0.21508675551512007607	0.25997185444504256058	0.24184459117344075940	0.20411351222755008683	0.21995201857742258111	0.33408987802158646163	
0.33014559853987379689	0.18285104374636393376	0.21458231957922085931	0.27242103813454143779	0.33631034908341356227	0.21076562697294523585	0.16252411612498551818	0.29039990781865565594	0.32068972761710518027	0.20515387685924996175	0.22130942306983622525	0.25284697245380871600	0.23528391439656057282	0.20762404220657440512	0.22833096214407344604	0.32876108125279163152	
0.31960187243817622660	0.19057949853828931586	0.22038927419575735089	0.26942935482777724543	0.33045743950456396565	0.21481682086686273991	0.16620053152867908519	0.28852520809989423700	0.31164892325889254066	0.21282096410807366249	0.22371324495411851196	0.25181686767891536816	0.22730871249973322312	0.21478792618018757721	0.23661780628411430150	0.32128555503596495369	
0.30849538154111755262	0.19843185962145845624	0.22349851941973034042	0.26957423941769365072	0.32207286335564844215	0.22127497775671037261	0.16762137485076081256	0.28903078403688031717	0.29984264630360468740	0.22206393861642723109	0.22191983884272087346	0.25617357623724718030	0.21921196322632810483	0.22412378655763037782	0.24252046213818737042	0.31414378807785420245	
0.30125119952256873557	0.20378276041051296419	0.22269422163074448218	0.27227181843617365153	0.31476005474443663479	0.22583525041683374934	0.16731455159728095272	0.29209014324144860764	0.29086125062409939890	0.22973951029328479323	0.21744652742747225260	0.26195271165514366629	0.21349285797811118348	0.23136732993129449643	0.24457228192411978318	0.31056753016647448140	
0.30262728414180944947	0.20255957779535002650	0.21750651168313434036	0.27730662637970626694	0.31148008487535111533	0.22763666917845576387	0.16464005221158303782	0.29624319373460999971	0.28769442460823207997	0.23205238965282629082	0.21221752855279535366	0.26803565718614624780	0.21136315496364888045	0.23366875365554395927	0.24216630574497499673	0.31280178563583210805	
0.31207416301175577855	0.19541073089193042311	0.20901031636155803506	0.28350478973475568001	0.31218072107567568230	0.22600380839457398507	0.16058662562265557661	0.30122884490709478378	0.29101953682097037035	0.22856969492957940338	0.20771070042956998880	0.27270006781988015421	0.21418084661514763534	0.23082863031188499692	0.23525892907522669151	0.31973159399774087053	
0.32574268218878388303	0.18558665909856944531	0.20096631069043852102	0.28770434802220812287	0.31694112508289540298	0.22237476406672446183	0.15527518109473040231	0.30540892975564959411	0.29857650197252577629	0.22084337162712902591	0.20514983414573345621	0.27543029225461168608	0.22051349060008237912	0.22363292889287994525	0.22635646032995557220	0.32949712017708221445	
0.33657192349170506063	0.17765381322630907635	0.19630054058165183339	0.28947372270033405739	0.32351057384570491848	0.21702523672782739195	0.15130968751943282835	0.30815450190703486122	0.30665696029324202021	0.21301328287704773823	0.20635841205275926025	0.27397134477695089805	0.22816069495130747447	0.21593061910934985281	0.21889528896591581297	0.33701339697342685975	
0.34014133968950133191	0.17492203387258323244	0.19722134223146264853	0.28771528420645275936	0.32934132760759660119	0.21221048821735130629	0.15092901538070499501	0.30751916879434709751	0.31185693511165385461	0.20857951293076995580	0.21064891567054108701	0.26891463628703521360	0.23294080811250436613	0.21155127710058463375	0.21755332479857830696	0.33795458998833266540	
0.33567831393030789222	0.17808539043541662950	0.20187525283865204173	0.28436104279562351982	0.33093696754868678900	0.20904466615695774245	0.15561992533276677864	0.30439844096158874542	0.31251657866842985634	0.20879722450392174116	0.21588515046220882465	0.26280104636543960561	0.23320422206645768926	0.21198604394135350804	0.22259830494027355030	0.33221142905191508587	
0.32650116496904779684	0.18523247722860805564	0.20686288630807717071	0.28140347149426681028	0.32916572031445756608	0.20867406373930708074	0.16114816857733868516	0.30101204736889664026	0.30902656661019667350	0.21277722649767996654	0.21808287805001647097	0.26011332884210702776	0.22999932858782803913	0.21559618998785012867	0.23152799232176321520	0.32287648910255861701	
0.31658851494469847365	0.19303936474151028868	0.20980646865169308435	0.28056565166209812556	0.32750371917396697841	0.20927624258731333806	0.16418596280415453936	0.29903407543456511641	0.30370395377041681240	0.21812959913711979509	0.21585255416421561536	0.26231389292824774939	0.22605334877683549988	0.21958260564257101044	0.23865899611829352600	0.31570504946229993593	
0.31092271143272465217	0.19826324316662111147	0.20853698194301226176	0.28227706345764191909	0.32817705933916335725	0.20991746395567231764	0.16281160800193103522	0.29909386870323328989	0.29957477357246309335	0.22278545036691410619	0.20973613851916117490	0.26790363754146173658	0.22329517728462267012	0.22270601715722834757	0.24052362944775590448	0.31347517611039293906	
0.31115683300140606349	0.19934630230112626581	0.20410315307693752129	0.28539371162053012165	0.33012104299118799622	0.20896450673046224056	0.15864432112781312600	0.30227012915053663722	0.29906985143199316113	0.22450977726714485549	0.20211112711034673328	0.27430924419051533336	0.22196350463251571239	0.22399183774582115403	0.23638714015702674831	0.31765751746463638527	
0.31596638675980565081	0.19711519561941814871	0.19877200234694955561	0.28814641527382667263	0.33191440404970085076	0.20765550834337617725	0.15424788510747769466	0.30618220249944522182	0.30217874431952967962	0.22164383698320985761	0.19603073668369769278	0.28014668201356279775	0.22122769236624106881	0.22444714675854482433	0.22872273347278787581	0.32560242740242623105	
0.32140486782015448286	0.19311007491379891809	0.19646290527365783962	0.28902215199238878718	0.33170360728840370124	0.20783339172608480960	0.15212225943215890167	0.30834074155335261525	0.30561930383805202549	0.21574615248904074893	0.19526281966348937869	0.28337172400941779138	0.22024012459761677096	0.22498880100331863918	0.22231021226611391572	0.33246086213295061862	
0.32511300299229389799	0.18911381879817071305	0.19764538632209729951	0.28812779188743814496	0.32953913748238994330	0.20962746276782398547	0.15312932972183126989	0.30770407002795474583	0.30711105140711703054	0.20914542903883581726	0.19994705766308853989	0.28379646189095852904	0.21959235451084199719	0.22430927883531825984	0.21943716913428237825	0.33666119751955730921	
0.32751541550759089017	0.18496728875089793465	0.19993069650613970456	0.28758659923537155390	0.32765439702690918322	0.21049543048410446211	0.15493212876688414181	0.30691804372210224061	0.30780853743265174094	0.20351696644896827282	0.20733455403953390817	0.28133994207884605032	0.22038246114075499271	0.22045148837108305417	0.21967858910169746345	0.33948746138646451742	
0.32946531645179782943	0.18140175901994573526	0.20119289886044341986	0.28794002566781312646	0.32720985198439350716	0.20844497309195561541	0.15619654066284879845	0.30814863426080207898	0.30939247702152372632	0.19875125292570186564	0.21278631770679745649	0.27906995234597692379	0.22208565965452092827	0.21416033349348365111	0.22184492004577138768	0.34190908680622406068	
0.33046537329359254587	0.17985734228675431812	0.20230581974759745401	0.28737146467205565425	0.32890103755498900640	0.20492020977053795883	0.15777404912910791834	0.30840470354536519970	0.31116121699735094230	0.19682588417748181353	0.21579399560909617861	0.27621890321607101004	0.22279148304507753742	0.20979368616201243825	0.22496745732387549155	0.34244737346903442177	
0.32929146034545370147	0.18179943483710483965	0.20506827888100181978	0.28384082593643966685	0.32917934348045529980	0.20330407623951593510	0.16081932385915764794	0.30669725642087114492	0.31122137512465458675	0.19859190759654288261	0.21759196860962898290	0.27259474866917360325	0.22098302869481920019	0.20999129158053184141	0.23018543185750325875	0.33884024786714567190	
0.32552468921211863417	0.18643335790923937223	0.20953295447106973226	0.27850899840757220582	0.32764388993138826578	0.20589106131532991517	0.16500451723527537196	0.30146053151800661363	0.30842811820179499849	0.20425909740759945477	0.21943811641788160682	0.26787466797272391217	0.21749952287408635954	0.21420250194200643468	0.23628973488435070505	0.33200824029955650074	
0.32099171381307384232	0.19100993293883125612	0.21427912203190246920	0.27371923121619246011	0.32528455709107662042	0.21054181440787606006	0.16817200448609920249	0.29600162401494811704	0.30515521096499870213	0.20995961711857111243	0.22077136896358237617	0.26411380295284780928	0.21358693878743464922	0.21900664979822309641	0.24265231399996400885	0.32475409741437838429	
0.31918118528798156142	0.19264833742743942002	0.21692677945879165757	0.27124369782578722221	0.32456250536041936217	0.21424625581035694477	0.16910544645624780991	0.29208579237297577214	0.30335840894502363874	0.21324183285377168451	0.22026032073295118141	0.26313943746825352310	0.21111829615752419897	0.22179781871919715397	0.24675405786305776301	0.32032982726022091180	
0.32241634658074425079	0.19038919513681104578	0.21633083750710990767	0.27086362077533482351	0.32672559978594012398	0.21454457787645506150	0.16802203510862440128	0.29070778722898049651	0.30598833902023581111	0.21177478249255463072	0.21747591434299218260	0.26476096414421740333	0.21101097276248526047	0.22057107239098563967	0.24717312571363400653	0.32124482913289514885	
0.33119663136422866634	0.18455394759875581867	0.21222045275471057568	0.27202896828230499482	0.33144498759269858112	0.21192559138955910369	0.16557248319504144773	0.29105693782270086745	0.31202036641738478684	0.20700797708518003937	0.21309293835693693397	0.26787871814049823982	0.21350634156575762357	0.21625818602395688317	0.24312305995876298814	0.32711241245152244961	
0.34169509214294335742	0.17766130550188871662	0.20643084352856969077	0.27421275882659823520	0.33743578391216838552	0.20799098888705933041	0.16231243196731379164	0.29226079523345843691	0.31965426653207468233	0.20061681174224837987	0.20941215154858747183	0.27031677017708938271	0.21742698068993801530	0.20992616440341330120	0.23573308543077378663	0.33691376947587486912	
0.35094667250842320749	0.17146920176503166466	0.19998894172287959292	0.27759518400366556268	0.34247642506844333532	0.20453335396614591435	0.15907810190842916476	0.29391211905698155782	0.32562296992051964484	0.19520322732451830805	0.20812390925843293754	0.27104989349652908182	0.22103206907952033244	0.20400309516445724878	0.22782045676190337824	0.34714437899411892952	
0.35611485547013321806	0.16794399485550220996	0.19561902552889492979	0.28032212414546969770	0.34507579861002563026	0.20252199144843652245	0.15768226601164297973	0.29471994392989492306	0.32820094462035692695	0.19210627724749687606	0.21056147576379707909	0.26913130236834925668	0.22305329380675795181	0.19949341751879562379	0.22282210649896450061	0.35463118217548189604	
0.35526112310556873242	0.16811955987620766373	0.19502954063023716924	0.28158977638798643461	0.34347010098057900729	0.20220675190589937342	0.15954824058644709317	0.29477490652707449836	0.32640647593513183455	0.19288539671084495297	0.21505529317636540299	0.26565283417765772622	0.22205754667633939570	0.19912398202247916235	0.22238310091800522761	0.35643537038317618659	
0.34887432638605397894	0.17186967636883598853	0.19864832505878085578	0.28060767218632909348	0.33958573703520095188	0.20298007159789580034	0.16387633467977688606	0.29355785668712641723	0.32206667819131817865	0.19657229419120933467	0.21942093336070875309	0.26194009425676378910	0.21805908297485349090	0.20247401499269590541	0.22656692438328582262	0.35289997764916469780	
0.33969426422444182201	0.17802287311913173040	0.20359092096718037213	0.27869194168924604771	0.33565509848728014575	0.20504860888209142100	0.16789398694175702853	0.29140230568887148799	0.31737550009786152927	0.20138715458953301840	0.22167482463989962582	0.25956252067270590977	0.21360077717531897323	0.20818062286703395425	0.23336134017439050248	0.34485725978325654228	
0.33222329662481847601	0.18361054927688005844	0.20776512438791425175	0.27640102971038715829	0.33392723302347437908	0.20785826241192051356	0.16976250345588181356	0.28845200110872321053	0.31403003182661720638	0.20590542924155055826	0.22187689307376273762	0.25818764585806952550	0.21077682792271609791	0.21317023656270578380	0.24036403647666412797	0.33568889903791404583	
0.32888999959942677442	0.18723701918506663322	0.20942231958211243725	0.27445066163339415510	0.33454460468163688125	0.21017814687099986570	0.17003004107827479618	0.28524720736908848462	0.31253625128548762069	0.20871634989062776144	0.22085092583872470429	0.25789647298515994134	0.21072826401446870248	0.21664107260393103416	0.24454842875499227528	0.32808223462660796033	
0.32993766382572237150	0.18767119675626567354	0.20841999791453674762	0.27397114150347517958	0.33645601827120563687	0.21135929127055672061	0.16855757214972366675	0.28362711830851400352	0.31222817335928593208	0.20928521163407809436	0.21866613598231096627	0.25982047902432503506	0.21131620679179854982	0.21857915551408160781	0.24516396163086626170	0.32494067606325349740	
0.33563903704895381441	0.18532520769593208154	0.20410126367155517757	0.27493449158355881545	0.33878984341966955629	0.21064240217762297824	0.16647557560804143728	0.28409217879466597267	0.31494574358489174637	0.20610341963900888351	0.21571064208899679016	0.26324019468710252445	0.21258212158374215073	0.21800518765086043804	0.24209540216460331830	0.32731728860079423171	
